# NP V  MIN      AVG      MAX          TOTGFLOP -> MAXGFLOP/s   AVGGFLOP/s   MINGFLOP/s   (reported avg and gflops)
---------------------------------------------------------------------------------------------------------------

---------------------------------------------------------------------------------------------------------------
0002 01 0.015776 0.015816 0.015850        4.724 -> 299.44219066 298.68487607 298.04416403 (0.015792 299.134)
0004 01 0.016015 0.016030 0.016040        9.253 -> 577.77083983 577.23019338 576.87032418 (0.016028 577.274)
0008 01 0.016705 0.016733 0.016748       19.621 -> 1174.5585154 1172.5930795 1171.5428707 (0.016730 1172.805)
0016 01 0.016307 0.016331 0.016361       37.294 -> 2286.9933157 2283.6323556 2279.4450216 (0.016329 2283.937)
0032 01 0.016433 0.016603 0.016666       76.991 -> 4685.1457433 4637.1740046 4619.6447857 (0.016582 4643.096)
0064 01 0.016377 0.016397 0.016416      149.747 -> 9143.7381693 9132.5852290 9122.0151072 (0.016395 9134.004)
0128 01 0.016866 0.016903 0.016928      316.048 -> 18738.764378 18697.745962 18670.132325 (0.016897 18704.554)
0256 01 0.016529 0.016556 0.016687      600.140 -> 36308.306612 36249.093984 35964.523281 (0.016568 36223.116)
0512 01 0.017014 0.017101 0.017221     1269.326 -> 74604.796050 74225.249985 73708.030892 (0.017094 74254.815)
1024 01 0.016848 0.016977 0.017224     2402.869 -> 142620.42972 141536.72615 139507.02508 (0.016956 141712.325)
---------------------------------------------------------------------------------------------------------------
0002 02 0.018573 0.018593 0.018637        9.448 -> 508.69541808 508.14822782 506.94854322 (0.018587 508.297)
0004 02 0.018712 0.018779 0.018893       18.505 -> 988.93758016 985.40923371 979.46329328 (0.018771 985.811)
0008 02 0.019479 0.019566 0.019610       39.243 -> 2014.6311412 2005.6731064 2001.1728709 (0.019551 2007.245)
0016 02 0.019174 0.019189 0.019211       74.588 -> 3890.0594555 3887.0186044 3882.5672791 (0.019184 3887.982)
0032 02 0.019454 0.019492 0.019537      153.981 -> 7915.1331345 7899.7024420 7881.5068843 (0.019488 7901.269)
0064 02 0.019216 0.019231 0.019245      299.495 -> 15585.709825 15573.553117 15562.223954 (0.019229 15575.205)
0128 02 0.019822 0.019867 0.019953      632.096 -> 31888.608616 31816.378919 31679.246228 (0.019862 31824.511)
0256 02 0.019294 0.019437 0.020009     1200.281 -> 62210.065305 61752.379482 59987.055824 (0.019692 60952.960)
0512 02 0.019997 0.020192 0.020258     2538.652 -> 126951.64274 125725.63391 125316.02329 (0.020181 125791.967)
1024 02 0.019779 0.019869 0.019994     4805.738 -> 242971.73770 241871.15607 240359.00770 (0.019854 242052.990)
---------------------------------------------------------------------------------------------------------------
0002 04 0.018734 0.019093 0.019292       18.895 -> 1008.5940002 989.62970722 979.42152187 (0.019051 991.813)
0004 04 0.019430 0.019531 0.019561       37.010 -> 1904.7864127 1894.9362551 1892.0300598 (0.019519 1896.113)
0008 04 0.020139 0.020217 0.020292       78.486 -> 3897.2143601 3882.1783647 3867.8296865 (0.020209 3883.724)
0016 04 0.019811 0.019831 0.019859      149.175 -> 7529.9076270 7522.3135494 7511.7075381 (0.019828 7523.416)
0032 04 0.020106 0.020142 0.020193      307.962 -> 15316.920322 15289.544235 15250.928539 (0.020126 15301.621)
0064 04 0.019827 0.019931 0.020013      598.990 -> 30210.823624 30053.183483 29930.045470 (0.019919 30071.645)
0128 04 0.020541 0.020569 0.020608     1264.192 -> 61544.812813 61461.033594 61344.720496 (0.020559 61492.097)
0256 04 0.020038 0.020071 0.020147     2400.562 -> 119800.47908 119603.50754 119152.33037 (0.020065 119638.448)
0512 04 0.020609 0.020663 0.020703     5077.304 -> 246363.43345 245719.59541 245244.84374 (0.020657 245786.936)
1024 04 0.020911 0.021646 0.022749     9611.473 -> 459637.17660 444029.98244 422500.90113 (0.021552 445958.127)
---------------------------------------------------------------------------------------------------------------
0002 08 0.020286 0.020629 0.020794       37.790 -> 1862.8610864 1831.8871491 1817.3511589 (0.020589 1835.481)
0004 08 0.020729 0.021150 0.021335       74.021 -> 3570.8910222 3499.8108747 3469.4633231 (0.021098 3508.382)
0008 08 0.021812 0.022051 0.022214      156.972 -> 7196.5890335 7118.5887261 7066.3545511 (0.022022 7128.030)
0016 08 0.021564 0.021589 0.021641      298.350 -> 13835.559265 13819.537727 13786.331500 (0.021584 13822.450)
0032 08 0.021729 0.021951 0.022038      615.924 -> 28345.713102 28059.040590 27948.271167 (0.021924 28093.914)
0064 08 0.021594 0.021737 0.021822     1197.980 -> 55477.447439 55112.481023 54897.809549 (0.021711 55177.726)
0128 08 0.022341 0.022391 0.022479     2528.384 -> 113172.37366 112919.65521 112477.60131 (0.022370 113026.047)
0256 08 0.021938 0.022004 0.022089     4801.123 -> 218849.62166 218193.19214 217353.56965 (0.021993 218301.707)
0512 08 0.022477 0.022635 0.022750     10154.60 -> 451777.37242 448623.81267 446356.04395 (0.022614 449043.455)
1024 08 0.022253 0.023643 0.025493     19222.95 -> 863836.33667 813050.37431 754048.17008 (0.023480 818683.832)
---------------------------------------------------------------------------------------------------------------
0002 16 0.024397 0.024757 0.024948       75.581 -> 3097.9628642 3052.9143272 3029.5414462 (0.024713 3058.341)
0004 16 0.024996 0.025413 0.025531      148.041 -> 5922.5876140 5825.4043206 5798.4802788 (0.025357 5838.222)
0008 16 0.025978 0.026230 0.026468      313.944 -> 12084.994995 11968.890583 11861.266434 (0.026177 11992.926)
0016 16 0.025397 0.025689 0.025840      596.701 -> 23494.940347 23227.879637 23092.143962 (0.025640 23272.435)
0032 16 0.025969 0.026219 0.026472     1231.848 -> 47435.326735 46983.027575 46533.998186 (0.026167 47075.552)
0064 16 0.025783 0.026077 0.026329     2395.959 -> 92927.859442 91880.162595 91000.759618 (0.026029 92050.862)
0128 16 0.026458 0.026911 0.027130     5056.769 -> 191124.38581 187907.13834 186390.30593 (0.026858 188277.731)
0256 16 0.025912 0.026304 0.026511     9602.247 -> 370571.43408 365048.92791 362198.59680 (0.026254 365741.728)
0512 16 0.026884 0.027023 0.027159     20309.21 -> 755438.55081 751552.75135 747789.31477 (0.026965 753161.844)
1024 16 0.027492 0.029069 0.030315     38445.90 -> 1398439.5460 1322573.8759 1268213.7555 (0.028889 1330828.634)
---------------------------------------------------------------------------------------------------------------
0002 32 0.035753 0.036116 0.036489      151.162 -> 4227.9528990 4185.4579687 4142.6731343 (0.036058 4192.191)
0004 32 0.036270 0.036731 0.037393      296.082 -> 8163.2754342 8060.8205602 7918.1130158 (0.036682 8071.672)
0008 32 0.037840 0.038218 0.038575      627.887 -> 16593.208245 16429.091004 16277.044718 (0.038175 16447.635)
0016 32 0.037056 0.037495 0.037847     1193.401 -> 32205.337867 31828.270436 31532.248262 (0.037441 31873.919)
0032 32 0.037708 0.038127 0.038669     2463.696 -> 65336.162087 64618.144621 63712.431146 (0.038070 64714.660)
0064 32 0.037645 0.037867 0.038280     4791.919 -> 127292.30973 126546.04272 125180.74712 (0.037827 126679.138)
0128 32 0.038635 0.039091 0.039585     10113.53 -> 261771.19192 258717.60763 255488.94783 (0.039037 259076.380)
0256 32 0.038047 0.038376 0.038655     19204.49 -> 504757.01106 500429.69564 496817.74673 (0.038369 500522.718)
0512 32 0.039043 0.039357 0.039718     40618.43 -> 1040351.1512 1032050.9693 1022670.5775 (0.039322 1032967.510)
1024 32 0.040125 0.040623 0.041222     76891.81 -> 1916306.7912 1892814.6616 1865310.0286 (0.040783 1885389.306)
---------------------------------------------------------------------------------------------------------------
0002 64 0.055300 0.055789 0.056738      302.323 -> 5466.9620253 5419.0431805 5328.4042440 (0.055735 5424.321)
0004 64 0.055972 0.056498 0.057406      592.164 -> 10579.646966 10481.149775 10315.367731 (0.056439 10492.143)
0008 64 0.058754 0.059030 0.059509     1255.775 -> 21373.438404 21273.504997 21102.270244 (0.058998 21284.929)
0016 64 0.057375 0.057721 0.058576     2386.802 -> 41600.034858 41350.669600 40747.097787 (0.057683 41377.820)
0032 64 0.058758 0.058979 0.059376     4927.393 -> 83859.100037 83544.871903 82986.273915 (0.058944 83595.139)
0064 64 0.057860 0.058319 0.058702     9583.838 -> 165638.40304 164334.74510 163262.54642 (0.058267 164482.083)
0128 64 0.060194 0.060300 0.060388     20227.07 -> 336031.33202 335440.63018 334951.81161 (0.060286 335516.788)
0256 64 0.058452 0.058668 0.059003     38408.98 -> 657102.92205 654683.64355 650966.56102 (0.058639 655003.156)
0512 64 0.060685 0.061088 0.061685     81236.86 -> 1338664.5793 1329833.3551 1316962.9569 (0.061031 1331068.143)
1024 64 0.063525 0.065907 0.070917     153783.6 -> 2420835.8913 2333342.4370 2168501.2056 (0.066672 2306581.646)

---------------------------------------------------------------------------------------------------------------
