# NP V  MIN      AVG      MAX          TOTGFLOP -> MAXGFLOP/s   AVGGFLOP/s   MINGFLOP/s   (reported avg and gflops)
---------------------------------------------------------------------------------------------------------------

---------------------------------------------------------------------------------------------------------------
0002 01 0.013901 0.013918 0.013951        3.998 -> 287.60520825 287.25391579 286.57443910 (0.013916 287.270)
0004 01 0.016208 0.016323 0.016433        9.298 -> 573.66732477 569.62568155 565.81269396 (0.016304 570.283)
0008 01 0.015007 0.015028 0.015065       15.714 -> 1047.1113480 1045.6481235 1043.0799867 (0.015026 1045.835)
0016 01 0.015462 0.015578 0.015790       33.014 -> 2135.1700944 2119.2707664 2090.8169727 (0.015578 2119.280)
0032 01 0.017159 0.017181 0.017217       76.101 -> 4435.0486625 4429.3696525 4420.1080327 (0.017178 4430.089)
0064 01 0.015445 0.015462 0.015492      127.458 -> 8252.3794108 8243.3061699 8227.3431448 (0.015460 8244.279)
0128 01 0.016021 0.016038 0.016065      268.181 -> 16739.342113 16721.598703 16693.495175 (0.016035 16724.673)
0256 01 0.017974 0.018071 0.018139      613.424 -> 34128.407700 33945.216092 33817.961298 (0.018060 33965.263)
0512 01 0.016071 0.016091 0.016124     1025.422 -> 63805.737041 63726.430924 63596.005953 (0.016089 63732.791)
1024 01 0.016141 0.016197 0.016293     2151.014 -> 133263.98612 132803.23516 132020.74510 (0.016190 132861.524)
---------------------------------------------------------------------------------------------------------------
0002 02 0.015497 0.015634 0.015815        7.995 -> 515.90630444 511.38544198 505.53272209 (0.015647 511.001)
0004 02 0.017986 0.018071 0.018153       18.595 -> 1033.8596686 1028.9967351 1024.3485925 (0.018076 1028.725)
0008 02 0.016179 0.016245 0.016274       31.429 -> 1942.5798875 1934.6875961 1931.2400147 (0.016232 1936.210)
0016 02 0.017024 0.017083 0.017121       66.028 -> 3878.5244360 3865.1290756 3856.5504351 (0.017073 3867.471)
0032 02 0.018894 0.018972 0.019045      152.203 -> 8055.6261246 8022.5068522 7991.7563665 (0.018974 8021.677)
0064 02 0.016696 0.016785 0.016865      254.915 -> 15268.028270 15187.071790 15115.031129 (0.016773 15197.753)
0128 02 0.017500 0.017538 0.017596      536.362 -> 30649.257142 30582.848671 30482.041373 (0.017530 30596.410)
0256 02 0.020031 0.023671 0.027932     1226.849 -> 61247.516349 51829.200287 43922.705141 (0.023572 52046.765)
0512 02 0.017247 0.017281 0.017313     2050.843 -> 118910.12929 118676.17614 118456.82435 (0.017276 118707.376)
1024 02 0.017789 0.018080 0.018433     4302.027 -> 241836.35954 237943.97123 233387.24027 (0.018045 238408.886)
---------------------------------------------------------------------------------------------------------------
0002 04 0.016543 0.016581 0.016624       15.991 -> 966.63241250 964.41710391 961.92252165 (0.016575 964.737)
0004 04 0.018977 0.019005 0.019041       37.191 -> 1959.7934341 1956.9060773 1953.2062391 (0.019001 1957.307)
0008 04 0.016852 0.016897 0.016947       62.858 -> 3730.0023736 3720.0686512 3709.0930548 (0.016892 3721.077)
0016 04 0.017840 0.017874 0.017934      132.056 -> 7402.2421524 7388.1615754 7363.4437381 (0.017869 7390.075)
0032 04 0.019792 0.019809 0.019823      304.406 -> 15380.254648 15367.055378 15356.202391 (0.019807 15368.379)
0064 04 0.017459 0.017482 0.017505      509.831 -> 29201.615212 29163.196430 29124.878606 (0.017480 29167.113)
0128 04 0.018306 0.018390 0.018610     1072.724 -> 58599.584835 58331.919521 57642.342826 (0.018664 57474.458)
0256 04 0.020561 0.020705 0.020773     2453.697 -> 119337.43494 118507.46196 118119.53015 (0.020688 118602.356)
0512 04 0.017984 0.018055 0.018262     4101.686 -> 228074.17704 227177.29160 224602.23414 (0.018041 227348.446)
1024 04 0.018875 0.018991 0.019102     8604.055 -> 455843.97350 453059.60718 450426.91864 (0.018972 453507.322)
---------------------------------------------------------------------------------------------------------------
0002 08 0.018079 0.018167 0.018210       31.982 -> 1769.0137728 1760.4447624 1756.2877539 (0.018155 1761.631)
0004 08 0.020744 0.020778 0.020839       74.381 -> 3585.6633243 3579.7959380 3569.3171457 (0.020774 3580.502)
0008 08 0.018444 0.018468 0.018491      125.715 -> 6816.0377358 6807.1799870 6798.7128873 (0.018460 6809.981)
0016 08 0.019446 0.019494 0.019592      264.111 -> 13581.764887 13548.322560 13480.553287 (0.019487 13553.184)
0032 08 0.021697 0.021739 0.021839      608.811 -> 28059.685670 28005.474032 27877.237968 (0.021735 28011.036)
0064 08 0.019015 0.019058 0.019106     1019.662 -> 53624.086247 53503.095812 53368.679995 (0.019053 53517.482)
0128 08 0.020120 0.020285 0.020407     2145.449 -> 106632.65407 105765.29455 105132.99358 (0.020261 105888.764)
0256 08 0.023297 0.023450 0.023794     4907.394 -> 210644.88989 209270.53304 206245.01975 (0.023426 209488.622)
0512 08 0.020054 0.020208 0.020323     8203.373 -> 409064.17672 405946.80324 403649.70722 (0.020183 406458.295)
1024 08 0.020516 0.020729 0.020985     17208.11 -> 838765.35387 830146.65444 820019.53776 (0.020702 831241.872)
---------------------------------------------------------------------------------------------------------------
0002 16 0.022335 0.022357 0.022392       63.964 -> 2863.8459816 2861.0278659 2856.5559128 (0.022354 2861.397)
0004 16 0.024872 0.025152 0.025298      148.762 -> 5981.1032486 5914.5197201 5880.3858012 (0.025129 5920.061)
0008 16 0.022568 0.022997 0.023154      251.430 -> 11140.996100 10933.165195 10859.030837 (0.022949 10956.125)
0016 16 0.024180 0.024233 0.024378      528.223 -> 21845.450785 21797.672595 21668.020346 (0.024196 21831.209)
0032 16 0.026708 0.027048 0.027232     1217.622 -> 45590.160251 45017.080745 44712.911280 (0.026995 45106.274)
0064 16 0.023823 0.024671 0.029323     2039.324 -> 85603.156613 82660.775809 69546.908570 (0.023945 85167.441)
0128 16 0.029768 0.030187 0.030566     4290.897 -> 144144.61838 142143.86987 140381.37145 (0.030078 142661.315)
0256 16 0.032752 0.033347 0.035337     9814.789 -> 299669.91328 294322.99757 277748.22424 (0.033171 295882.187)
0512 16 0.031358 0.032606 0.037383     16406.74 -> 523207.47496 503181.62301 438882.37969 (0.032256 508649.166)
1024 16 0.033289 0.034730 0.035997     34416.21 -> 1033861.3355 990964.87186 956085.50712 (0.034593 994892.140)
---------------------------------------------------------------------------------------------------------------
0002 32 0.031563 0.031622 0.031706      127.927 -> 4053.0684662 4045.5062930 4034.7883681 (0.031624 4045.220)
0004 32 0.036726 0.037047 0.037284      297.525 -> 8101.2089527 8031.0146570 7979.9645960 (0.037012 8038.665)
0008 32 0.032359 0.032438 0.032482      502.860 -> 15540.035229 15502.188790 15481.189581 (0.032432 15505.162)
0016 32 0.034496 0.034694 0.034925     1056.446 -> 30625.173933 30450.394880 30248.990694 (0.034657 30482.928)
0032 32 0.039767 0.040050 0.040291     2435.245 -> 61237.835391 60805.118601 60441.413715 (0.040005 60872.824)
0064 32 0.040032 0.040819 0.041637     4078.647 -> 101884.66726 99920.306719 97957.273578 (0.040701 100208.942)
0128 32 0.053043 0.054311 0.055457     8581.794 -> 161789.37842 158012.07858 154746.81284 (0.054162 158447.503)
0256 32 0.061926 0.064237 0.067273     19629.57 -> 316984.30384 305580.42872 291789.72247 (0.063902 307184.413)
0512 32 0.055502 0.056009 0.056697     32813.49 -> 591212.74909 585861.02233 578751.78580 (0.055942 586559.662)
1024 32 0.061407 0.062894 0.064555     68832.43 -> 1120921.5561 1094419.6584 1066260.2432 (0.062663 1098449.546)
---------------------------------------------------------------------------------------------------------------
0002 64 0.048535 0.049041 0.049318      255.855 -> 5271.5566086 5217.1652290 5187.8624437 (0.049077 5213.292)
0004 64 0.056155 0.056626 0.056847      595.049 -> 10596.545276 10508.406032 10467.553256 (0.056654 10503.141)
0008 64 0.049464 0.050302 0.050803     1005.721 -> 20332.383147 19993.658303 19796.488396 (0.050376 19964.206)
0016 64 0.061424 0.061999 0.063114     2112.891 -> 34398.459885 34079.436765 33477.374275 (0.061902 34133.030)
0032 64 0.071225 0.071921 0.072880     4870.490 -> 68381.747981 67719.998331 66828.896816 (0.071828 67807.736)
0064 64 0.074097 0.074758 0.075696     8157.294 -> 110089.39633 109116.00096 107763.87127 (0.074663 109255.060)
0128 64 0.103840 0.104683 0.106242     17163.58 -> 165288.71340 163957.66265 161551.74036 (0.104588 164107.239)
0256 64 0.115446 0.117072 0.121121     39259.15 -> 340065.05205 335341.92633 324131.65347 (0.116878 335897.601)
0512 64 0.105553 0.108975 0.116155     65626.98 -> 621744.33696 602220.50929 564994.87753 (0.108507 604818.433)
1024 64 0.114953 0.118497 0.124793     137664.8 -> 1197574.6609 1161757.6816 1103145.2084 (0.117999 1166662.139)

---------------------------------------------------------------------------------------------------------------
